172
2 170 87
2 83 261
2 367 379
2 197 58
2 141 142
2 28 222
2 378 174
2 13 109
2 123 498
2 423 426
2 280 191
2 139 195
2 363 129
2 210 201
2 473 478
2 60 364
2 246 146
2 462 42
2 365 204
2 19 362
2 387 436
2 324 199
2 431 116
2 311 100
2 347 72
2 414 494
2 286 487
2 207 471
2 337 62
2 128 102
2 55 177
2 111 242
2 298 247
2 360 91
2 121 65
2 48 491
2 132 200
2 463 82
2 391 16
2 375 69
2 411 27
2 449 336
2 258 386
2 119 175
2 315 150
2 424 458
2 35 209
2 219 490
2 300 114
2 285 66
2 93 96
2 86 81
2 482 248
2 44 384
2 310 433
2 226 5
2 333 215
2 445 269
2 475 63
2 492 341
2 319 45
2 484 105
2 34 7
2 301 106
2 376 113
3 135 480 467
3 397 374 284
3 256 39 470
3 196 354 316
3 183 220 36
3 213 479 178
3 265 438 274
3 24 259 395
3 15 214 488
3 90 163 181
3 231 216 56
3 159 399 427
3 33 223 53
3 136 244 377
3 52 161 229
3 185 485 180
3 266 84 140
3 329 230 437
3 38 398 293
3 350 157 9
3 151 405 332
3 277 440 251
3 89 321 148
3 276 95 79
3 412 263 344
3 46 325 70
3 334 101 457
3 233 228 6
3 459 355 117
3 190 287 257
3 154 43 2
3 420 262 98
3 444 282 302
3 388 73 273
3 358 254 450
3 162 394 357
3 351 318 23
3 499 288 295
3 385 268 373
3 189 382 92
3 432 173 443
3 250 8 353
3 21 317 456
3 396 496 465
3 235 25 18
3 352 418 127
3 158 305 255
3 47 383 469
3 166 107 104
3 236 85 460
3 97 206 464
3 345 422 283
3 212 124 323
3 264 453 50
3 108 429 211
3 421 176 232
3 225 267 234
3 371 390 205
3 495 346 110
3 278 20 271
4 32 187 483 455
4 31 401 179 29
4 292 194 143 138
4 112 241 359 400
4 419 238 153 202
4 348 442 366 3
4 409 338 78 168
4 430 51 370 389
4 14 224 49 402
4 356 447 416 435
4 448 67 115 80
4 249 472 126 137
4 10 164 57 381
4 441 481 37 260
4 328 221 461 270
4 1 227 171 406
4 64 167 76 40
4 17 198 343 297
4 330 239 145 30
4 252 413 94 296
4 208 71 152 307
4 425 120 155 237
4 434 172 54 408
4 452 372 186 149
4 144 289 361 160
4 439 245 125 243
4 407 320 188 417
4 182 147 368 331
4 11 468 118 339
4 165 489 122 75
4 156 477 130 313
4 294 392 327 272
4 326 393 88 404
4 474 41 342 403
4 306 349 466 133
4 299 308 290 291
4 59 446 203 26
4 0 103 476 340
4 61 218 335 240
4 99 184 253 312
4 410 281 309 428
4 192 304 193 22
4 454 77 303 131
4 497 217 451 415
4 279 134 169 314
4 369 380 275 68
4 322 4 493 74
