1628
2 7928 4562
2 4807 166
2 3022 2638
2 2428 784
2 8822 9904
2 5026 5184
2 1536 1048
2 6922 5050
2 5617 1126
2 6046 8539
2 9174 4781
2 7332 4154
2 8888 469
2 7088 9666
2 3682 514
2 5030 1180
2 2456 7421
2 6394 8802
2 1173 7272
2 1966 5524
2 8740 133
2 8538 1444
2 308 593
2 7603 716
2 1522 3341
2 1383 6652
2 7813 9504
2 8375 2383
2 5957 4031
2 256 6031
2 8067 7164
2 7363 9142
2 720 7348
2 9676 524
2 3143 3452
2 1190 2855
2 43 7450
2 5693 7526
2 9363 2287
2 4126 9738
2 5235 6025
2 7206 5401
2 9544 6125
2 1874 3378
2 2605 9581
2 6634 6204
2 86 927
2 2167 852
2 9637 7874
2 6529 6951
2 1429 2194
2 4989 6435
2 1198 7538
2 1760 5578
2 6081 7607
2 6700 5301
2 9952 9150
2 2934 1819
2 3047 5922
2 6282 9140
2 2590 4603
2 3488 8430
2 5627 952
2 6263 295
2 2380 6994
2 111 7622
2 3503 3345
2 7785 90
2 2671 8989
2 4117 9570
2 6431 4354
2 4653 4395
2 2555 3943
2 2689 6793
2 491 6183
2 171 8170
2 7132 6928
2 8290 5090
2 701 9534
2 9367 2721
2 2603 2278
2 5171 5532
2 3432 2727
2 385 3640
2 7958 5561
2 4712 9930
2 2199 3739
2 3501 7750
2 1547 7021
2 9549 3175
2 4780 7012
2 8115 3571
2 5118 1520
2 6351 1696
2 2882 6550
2 6695 765
2 6469 8296
2 9561 1443
2 8809 5460
2 8754 8271
2 4043 6403
2 3759 8181
2 6151 6879
2 5344 888
2 3623 8514
2 2660 5956
2 5071 8314
2 8004 2560
2 2959 5332
2 4592 4872
2 3526 1169
2 4016 3910
2 767 7408
2 1355 3616
2 1407 8877
2 6711 9396
2 9368 1712
2 1077 2651
2 3135 4006
2 2206 3995
2 6882 6070
2 7964 7054
2 4104 5298
2 1828 8050
2 2617 6903
2 1955 6591
2 7532 2487
2 1334 1283
2 3313 7744
2 3597 1144
2 8058 5069
2 2564 5000
2 1165 8604
2 5888 2977
2 6417 5269
2 2954 794
2 9545 6886
2 7431 8492
2 9397 5137
2 2135 3442
2 8938 1702
2 1013 8700
2 4948 3636
2 2817 9417
2 6197 1655
2 5488 3151
2 1224 2247
2 9793 9636
2 7427 6776
2 3437 2923
2 4762 1188
2 3813 4970
2 868 980
2 2914 3403
2 6940 1185
2 3961 3681
2 2688 1807
2 8814 9756
2 8228 3798
2 5081 6717
2 6799 2512
2 6328 7000
2 8570 9919
2 974 7441
2 7939 5089
2 1292 8343
2 7550 1575
2 8898 1871
2 3272 9782
2 1509 6589
2 7900 5027
2 628 1579
2 8081 4418
2 3132 3249
2 5294 4520
2 5616 9928
2 4498 8071
2 8725 6334
2 786 3858
2 9223 7163
2 3478 6132
2 1103 8265
2 6384 1051
2 6110 4666
2 2169 6103
2 5540 4417
2 5471 6254
2 62 8765
2 7398 2129
2 1282 8743
2 8179 7097
2 684 9416
2 7868 8191
2 3472 5637
2 2663 7733
2 1140 4822
2 31 5667
2 1959 6681
2 2729 8026
2 5257 2782
2 9483 3962
2 1876 607
2 1917 5154
2 118 5418
2 6613 75
2 8172 4353
2 6841 306
2 8874 7690
2 5378 7505
2 8267 2174
2 4857 3374
2 2683 6420
2 6471 8528
2 9869 3146
2 1524 375
2 7168 3430
2 2887 6395
2 38 9316
2 9539 4566
2 7839 339
2 9779 2658
2 6657 8994
2 5839 1739
2 5210 6292
2 7583 5319
2 4843 7321
2 9213 1358
2 5200 1323
2 6944 2092
2 3120 3918
2 7381 4035
2 7836 1985
2 2753 7412
2 3106 1017
2 1646 4056
2 263 6684
2 4065 8588
2 4792 4689
2 2982 1086
2 7280 7433
2 5017 563
2 8124 6807
2 2711 1078
2 217 5722
2 1359 5684
2 3362 732
2 8423 3139
2 931 8208
2 2052 103
2 1385 661
2 8679 8475
2 3993 4416
2 2898 6378
2 6607 6600
2 1164 1863
2 6579 4156
2 6489 6520
2 1963 7133
2 1498 2458
2 6739 3586
2 859 5716
2 8678 7563
2 8856 7784
2 2116 6224
2 9101 8227
2 8829 7250
2 2261 9824
2 2962 950
2 8645 2636
2 9968 2948
2 5121 1603
2 4093 8711
2 7666 1957
2 1116 9764
2 8133 4651
2 3753 8433
2 2465 1808
2 4590 9811
2 4558 9509
2 4607 861
2 1814 9281
2 6811 5113
2 9105 6521
2 4978 5678
2 183 2710
2 3147 3399
2 1737 6360
2 7737 338
2 8712 9066
2 2436 417
2 1071 9404
2 884 627
2 5168 1880
2 9085 2634
2 3484 1063
2 5001 1386
2 4635 9933
2 1178 2187
2 5100 6620
2 9126 8966
2 355 4526
2 1578 5073
2 4454 5590
2 3291 9577
2 8571 7955
2 4215 660
2 3796 5832
2 5457 1260
2 1943 6866
2 1494 7417
2 8601 1326
2 3893 7931
2 4326 8832
2 4071 8751
2 8758 1744
2 2263 4481
2 6789 6769
2 851 9865
2 1305 2850
2 1648 344
2 8190 5116
2 8376 6643
2 8160 9524
2 7716 4869
2 7634 3288
2 4770 6914
2 8908 2749
2 6381 2292
2 6925 1989
2 1621 4829
2 9255 6561
2 5518 6341
2 7079 1008
2 7018 9505
2 70 526
2 4188 3690
2 6651 1092
2 4137 5249
2 1948 1410
2 8003 7098
2 4187 6045
2 7614 3108
2 1452 1629
2 9486 22
2 4438 7861
2 1301 4611
2 5082 1343
2 4790 5119
2 7531 4484
2 7099 273
2 3935 4944
2 6146 9138
2 9235 9387
2 2086 5377
2 1313 2510
2 4444 2238
2 9322 6343
2 8524 7572
2 8066 3930
2 4710 5422
2 2282 7266
2 877 3319
2 5316 6670
2 3155 4362
2 502 9451
2 8080 3268
2 4170 997
2 2503 3448
2 1953 2783
2 8543 4385
2 2064 6532
2 8807 7585
2 8632 2529
2 8136 6507
2 5796 2742
2 7568 3467
2 5007 1915
2 5925 9303
2 6491 1855
2 4034 2747
2 9456 7213
2 9602 6975
2 383 8554
2 7385 4927
2 6988 6074
2 4571 8984
2 978 9541
2 1412 6187
2 9268 5824
2 8132 5560
2 6981 9115
2 7659 7312
2 6286 8979
2 1157 4499
2 377 7304
2 4649 6413
2 4216 7371
2 4030 8444
2 9321 388
2 296 9707
2 4133 3373
2 8445 7161
2 4293 8681
2 5483 656
2 2627 527
2 3547 354
2 6818 7328
2 305 2699
2 1601 5575
2 1711 5650
2 5896 3369
2 3158 7492
2 758 1489
2 9323 4374
2 1804 8319
2 6616 6214
2 5410 600
2 5621 6904
2 968 1643
2 7344 7797
2 7502 4564
2 6022 8842
2 2417 7367
2 9458 6815
2 443 4129
2 5749 5881
2 1671 7754
2 2102 2767
2 2905 6082
2 9414 1280
2 4505 5167
2 8413 3491
2 793 7555
2 9250 4661
2 7195 7510
2 2423 1947
2 2579 3456
2 8801 3150
2 214 303
2 1654 5565
2 4861 9401
2 691 40
2 1593 5190
2 7626 6946
2 8965 1914
2 7445 167
2 9009 4813
2 854 8294
2 3281 4530
2 2604 3605
2 3575 3929
2 8963 7702
2 7956 2690
2 316 2420
2 2442 7686
2 8056 6986
2 4298 1682
2 6580 3468
2 8784 1021
2 7768 9740
2 8293 6566
2 8529 4002
2 7980 1859
2 3522 759
2 5531 8657
2 4222 4919
2 1372 4759
2 6659 2881
2 9694 8350
2 4100 7449
2 7436 5014
2 5727 4263
2 9892 7394
2 8993 2829
2 5261 1716
2 5581 5064
2 4194 9452
2 8176 3864
2 6188 8151
2 3057 1795
2 3579 4118
2 6260 3849
2 6492 8589
2 4019 9808
2 9512 6425
2 2504 3454
2 58 2760
2 5539 1600
2 4912 1420
2 7269 1899
2 8599 845
2 659 9254
2 2447 7764
2 5448 26
2 3536 8771
2 2016 3098
2 1250 5865
2 7808 7700
2 8975 1694
2 653 665
2 5390 833
2 4856 5618
2 7951 4779
2 636 408
3 1275 4142 7978
3 8422 3692 3710
3 4840 7790 3141
3 1170 581 5702
3 5498 9193 7811
3 2295 705 5437
3 7591 8084 8471
3 3429 681 4091
3 6800 3850 3067
3 8469 6399 7081
3 6832 1478 4149
3 9485 6839 3189
3 3531 8480 7935
3 6582 2299 6588
3 5101 1354 9113
3 2506 837 2137
3 3358 8810 2516
3 964 919 6861
3 5099 1378 7719
3 1031 3650 2376
3 5960 8769 3898
3 5831 2118 6723
3 3839 6077 5093
3 6243 438 3234
3 7957 7001 9258
3 6581 8318 5845
3 2033 4991 2530
3 3791 6716 2031
3 3607 5798 3354
3 8803 9657 8881
3 7104 3603 3923
3 2296 9819 1113
3 764 8534 3527
3 3379 8105 7487
3 550 1243 6382
3 6396 1693 8261
3 9484 2303 3504
3 5427 5629 6548
3 8525 7895 8665
3 18 5176 8968
3 7386 5161 4053
3 683 8324 8973
3 5371 199 7137
3 6973 6961 3018
3 8865 8385 9388
3 1700 8545 349
3 5239 591 685
3 7513 1348 9736
3 3895 4930 4316
3 4527 2910 6001
3 554 8114 8583
3 8770 7740 5252
3 7919 2860 886
3 7022 6827 3103
3 9675 8088 9981
3 2820 7658 647
3 5585 718 7765
3 930 1753 2132
3 2554 3361 3199
3 4496 7873 7760
3 1883 2242 8406
3 9716 1380 1832
3 5442 787 8473
3 3905 6295 6884
3 6676 7570 5403
3 2115 5130 2992
3 3438 6414 8034
3 2173 6347 2717
3 8087 3214 9148
3 4351 1903 9144
3 3622 8041 629
3 4211 9139 7390
3 7218 6759 3529
3 4650 4231 7566
3 6656 1551 7399
3 7834 702 7294
3 1738 5682 2952
3 9196 9282 6898
3 8702 5947 4937
3 8585 7691 7437
3 5208 6569 7162
3 7414 2823 1270
3 6611 6817 246
3 8864 3972 2996
3 2002 1100 5830
3 6583 6009 3866
3 1891 7299 4009
3 893 8414 5843
3 6428 4939 3533
3 5266 8762 5855
3 8047 5186 7481
3 6123 8549 46
3 1812 3130 1633
3 7117 6285 4721
3 6176 7602 4494
3 4960 9814 3081
3 2499 2140 4462
3 8158 9379 3204
3 3802 6429 233
3 3 3026 988
3 1210 3173 4378
3 7906 2681 5576
3 5330 2528 2755
3 2094 6043 3831
3 605 8174 935
3 3854 1514 7042
3 7153 7288 6691
3 386 6969 2396
3 403 1055 8364
3 6508 746 536
3 2375 41 1473
3 1512 899 7112
3 6930 8916 9553
3 9356 4559 4218
3 6023 3510 6980
3 7349 8252 7009
3 1877 3863 9809
3 5570 6067 8937
3 302 6006 1315
3 1724 9358 9331
3 3655 7987 7420
3 6702 5425 2714
3 9429 4643 6346
3 4617 5712 9311
3 9016 1105 4752
3 5366 2580 9467
3 6035 2610 3275
3 9055 8002 6192
3 1044 6101 5597
3 7514 5792 6210
3 3758 9519 3932
3 5058 4578 8483
3 2386 4376 5766
3 603 4953 5828
3 1402 274 113
3 1091 9466 8897
3 2193 6388 3631
3 9713 2816 5851
3 2983 8957 892
3 1495 6965 4784
3 7210 1623 4420
3 76 9613 7473
3 6255 73 8946
3 1120 5802 6621
3 6225 7055 3043
3 4938 6709 1290
3 9056 5884 3917
3 7909 1284 2434
3 7551 6678 8724
3 646 7059 6441
3 7198 8395 6926
3 9530 8052 3077
3 1587 6150 2597
3 7204 7233 5988
3 3956 3822 969
3 5006 5049 4122
3 9246 6355 4130
3 4491 2110 5942
3 8497 1433 2607
3 9031 5054 3287
3 3896 2893 3680
3 5919 7580 1540
3 97 8064 8535
3 6233 4165 2761
3 7 9476 8917
3 8436 3449 487
3 267 2067 4238
3 1279 3785 3343
3 68 6679 8846
3 1851 5858 3071
3 3286 1940 4901
3 9262 317 3985
3 1562 1254 2641
3 3856 4423 390
3 2335 4025 5833
3 6387 224 5611
3 4428 961 2113
3 1492 8582 353
3 7145 4274 3010
3 2676 3105 6851
3 3123 1690 9592
3 4766 7031 4718
3 9695 3019 6474
3 9942 1539 4397
3 3330 7910 1969
3 5472 6635 8238
3 2961 5542 8142
3 8253 4003 503
3 1922 520 2288
3 6792 2883 3304
3 8152 4705 9167
3 4725 352 3948
3 1677 4463 6892
3 9608 582 6333
3 3443 3726 442
3 3516 6974 5605
3 8752 1226 2469
3 7814 5238 5450
3 4644 9780 5546
3 464 585 8557
3 949 6391 1003
3 7060 5430 7938
3 8434 3688 1786
3 2538 2639 4674
3 5606 3038 2792
3 9548 5836 7152
3 9895 9555 2541
3 2669 1184 2684
3 8101 3771 1772
3 7937 2316 3770
3 2313 8668 4459
3 565 4699 8285
3 9856 4105 5620
3 5409 6323 2444
3 8859 7028 7154
3 8542 2939 2703
3 5652 6061 4457
3 3887 460 7122
3 4320 5806 6505
3 1718 916 1366
3 4801 6847 4078
3 4696 1446 9654
3 6662 1572 3569
3 6278 5074 7553
3 4816 8760 9662
3 6266 1310 7952
3 7219 4204 5445
3 6715 8926 382
3 4305 2953 9299
3 5019 9103 7156
3 7693 8213 3224
3 2205 3936 5185
3 4134 9790 9598
3 7881 4241 7073
3 3112 3190 3959
3 3111 7067 6008
3 8978 8394 2015
3 8986 5743 1328
3 1567 2730 6655
3 3126 7747 501
3 6822 7091 3466
3 7283 4969 8180
3 2437 8402 3347
3 7484 5551 392
3 8196 5829 9805
3 7395 1907 2038
3 8277 7292 5923
3 9248 2453 9585
3 55 926 6923
3 1114 6083 1913
3 5791 5799 761
3 8230 9587 4295
3 2558 1379 1244
3 3235 1460 9373
3 2922 3289 5638
3 7166 5053 1641
3 9284 7683 6517
3 7134 7353 4197
3 9991 1965 7149
3 7463 3585 4349
3 1338 9711 5079
3 9324 579 5995
3 7590 5495 8793
3 2395 1041 4889
3 864 3217 2675
3 4767 9027 9563
3 3176 5420 1662
3 2806 5701 2902
3 8010 3693 8192
3 839 4051 3487
3 3439 2523 6249
3 6756 3461 4350
3 6476 6267 8243
3 4731 189 696
3 7179 6367 9410
3 6560 3643 1637
3 615 3070 9448
3 6671 1688 2207
3 5724 1921 3833
3 1858 3318 4549
3 1726 1493 8404
3 1322 1069 6619
3 1998 89 6339
3 8116 4962 1504
3 9383 4039 7044
3 9487 5759 2677
3 4410 3727 9714
3 9413 2152 3619
3 2260 6625 4077
3 4837 9045 4785
3 8474 9062 257
3 439 538 9936
3 1212 3492 9239
3 7286 9844 5623
3 3309 880 7837
3 5557 5496 1084
3 9215 1846 1247
3 2461 7378 3528
3 9376 3013 7478
3 2498 757 2958
3 9121 2800 1012
3 5056 1119 232
3 7778 6075 6626
3 7429 1109 4910
3 3308 1067 3264
3 2489 748 2518
3 2974 3980 2043
3 1936 7989 5160
3 8138 6837 2857
3 462 1397 1927
3 2486 8903 6798
3 6296 7007 4146
3 8873 5256 6878
3 737 1583 8532
3 8487 5358 448
3 708 2588 7139
3 359 8495 410
3 9880 2232 5354
3 9755 5088 9153
3 5013 8254 800
3 7586 7016 7017
3 6761 8964 115
3 1208 1117 5362
3 5713 9132 2997
3 8452 5381 8619
3 3810 8421 4546
3 3626 9925 699
3 7991 7030 8906
3 4390 9677 9560
3 4331 1944 1537
3 6016 4922 2097
3 7170 6090 1775
3 234 475 6179
3 151 5912 9342
3 3608 8389 5326
3 5526 2832 8664
3 9168 1312 3602
3 7201 7735 6597
3 9763 987 1411
3 6870 5444 8581
3 2352 7237 428
3 2578 7775 3166
3 203 8086 8159
3 9047 376 9108
3 8797 5889 5615
3 3375 1011 330
3 7748 9306 3976
3 900 5321 7705
3 2170 5059 195
3 8015 6054 3069
3 396 9217 4033
3 4788 5360 7324
3 9490 7268 519
3 7057 8198 8656
3 1422 789 4072
3 221 3219 6199
3 2598 2053 2502
3 3857 2291 6805
3 4659 8424 2265
3 7852 5579 6305
3 9974 3046 4797
3 8715 1107 9812
3 4088 3133 191
3 2944 2411 2391
3 2911 7783 1207
3 2054 2731 5141
3 3052 7745 1960
3 2752 3162 3294
3 7854 5588 6237
3 4891 7293 7327
3 7542 4411 7975
3 3475 2034 3455
3 1381 7724 56
3 4994 6315 7254
3 1598 6195 756
3 8094 1698 2615
3 4796 3095 3738
3 9741 8334 423
3 6747 4273 823
3 2402 4456 5643
3 2805 4323 5359
3 8785 5243 7226
3 1821 8270 9409
3 4419 2181 8072
3 6638 9982 9945
3 645 7732 8352
3 2431 3115 3080
3 7262 6943 6587
3 7972 2062 7519
3 7432 5333 9661
3 6976 5953 8992
3 8594 6724 7072
3 4141 6217 5305
3 6516 7264 8611
3 9464 212 7366
3 8886 688 3846
3 4487 9875 1758
3 5157 9699 5159
3 7647 4754 2344
3 8466 6631 9285
3 2935 743 6397
3 2222 2158 2312
3 2036 5075 2041
3 2057 3760 2
3 7136 2068 5218
3 9157 2483 5258
3 2162 2693 4876
3 5514 7862 1440
3 2212 4988 3525
3 8342 5328 8361
3 9275 4517 3998
3 7805 253 3729
3 8591 8902 9290
3 9864 8944 2471
3 9719 7885 2791
3 6415 510 457
3 719 249 2866
3 5732 3520 9134
3 8148 3609 5031
3 213 993 1608
3 1516 1626 3952
3 5398 8166 4911
3 727 9702 4730
3 8637 3210 1272
3 1717 5705 6512
3 2697 1052 9231
3 7249 8362 5264
3 4521 747 9034
3 6202 2439 6182
3 3099 3423 7904
3 8032 6601 8188
3 5363 9898 8295
3 3473 5893 8666
3 4573 5657 4993
3 1980 425 542
3 3654 933 7303
3 7800 4743 6032
3 1160 8266 1068
3 9659 6393 2629
3 7757 9291 6502
3 7990 2595 1731
3 6203 7458 3532
3 9043 5655 3778
3 7267 9079 2250
3 1765 2366 6049
3 4066 4045 362
3 8204 4132 54
3 648 5128 8790
3 7216 3352 1132
3 8845 1413 640
3 9836 4027 1459
3 1625 9899 5782
3 8614 292 9420
3 9394 2136 4800
3 9870 9949 9909
3 8954 23 8359
3 2728 3470 897
3 4147 8051 932
3 1661 1620 7047
3 7581 3944 777
3 4488 5123 2785
3 6459 694 1457
3 7540 1083 9037
3 1978 5423 9069
3 9172 1653 9176
3 3912 156 518
3 4507 2385 4465
3 2009 9347 2178
3 7962 7298 4920
3 9038 7853 7377
3 2884 6294 3458
3 9635 7667 9082
3 6615 3651 6369
3 1784 6978 4973
3 2384 7448 5114
3 2046 3004 967
3 5725 4413 1826
3 6147 190 6530
3 9862 4083 3119
3 5042 7630 9494
3 2343 2091 707
3 7119 4433 1123
3 5244 7261 3410
3 3381 3777 8564
3 82 9201 2735
3 141 1817 6301
3 7388 8816 7921
3 1847 5318 3100
3 8498 1405 9264
3 5046 8698 1447
3 2401 2853 7029
3 802 697 2846
3 1952 2940 1659
3 289 9590 4212
3 1934 3418 3868
3 2045 5347 7641
3 7730 4675 915
3 3593 320 6317
3 7950 366 5385
3 1464 6213 944
3 4557 4404 449
3 4136 3540 4612
3 8163 5700 4268
3 5474 4099 2696
3 934 6463 6783
3 1336 855 2981
3 703 6166 7827
3 9807 3584 1932
3 1756 2796 2069
3 9433 3009 9061
3 2134 1624 298
3 9821 8643 220
3 3058 637 3947
3 9966 664 6881
3 7444 5746 1823
3 5146 2218 2266
3 9222 6920 8194
3 1351 108 7265
3 586 2339 3351
3 9917 3486 6867
3 2743 4668 8038
3 9131 8246 9053
3 4473 1651 2991
3 9526 9907 466
3 3044 5276 4758
3 8779 3109 9408
3 5151 1329 8675
3 6261 1802 2966
3 7925 1089 5287
3 4001 6007 1339
3 4798 315 3122
3 69 5441 9011
3 3794 2552 1521
3 8537 4881 2574
3 2070 2104 5204
3 9922 1235 7082
3 9074 8135 9114
3 8150 6876 8400
3 9019 4608 5439
4 2723 7564 9141 29
4 9584 8621 255 9080
4 706 4125 6310 8587
4 6727 114 7872 6018
4 9569 1882 2616 119
4 13 5965 3541 6726
4 1004 5788 3538 6874
4 81 4714 2122 5944
4 6060 7670 9924 7094
4 7704 9287 2197 4347
4 4412 1023 2084 2650
4 7375 1647 5810 262
4 6064 9443 2508 2951
4 8437 4763 3815 3197
4 8449 1534 3329 7337
4 7924 4260 2979 715
4 9189 1544 8704 4342
4 1526 8597 4846 5242
4 902 7832 6931 2534
4 513 2581 5867 2986
4 1050 4040 5580 9270
4 3629 6238 5937 2276
4 378 4502 5399 8805
4 3271 9297 9858 6816
4 8506 1687 9983 1506
4 1806 7849 7048 9203
4 1650 3348 598 3040
4 1248 9389 1779 4941
4 461 1451 3999 8565
4 1094 8147 8335 779
4 1839 2139 7393 5188
4 2649 3179 5900 7946
4 6915 5883 8001 5213
4 8673 5776 2268 9499
4 7631 8443 3599 8482
4 1845 9044 4999 5504
4 1249 8962 8544 6675
4 3153 6637 4747 427
4 5719 5534 3020 1158
4 2859 7442 127 8451
4 3942 4728 3198 1901
4 6725 8606 6232 2872
4 7186 2524 6089 2797
4 9399 9908 8596 2751
4 9612 3459 4812 7035
4 3276 7998 159 239
4 9106 4893 2637 8841
4 1197 6302 3807 2347
4 7710 7644 1790 7053
4 9033 4244 5206 9010
4 3283 4329 4161 9937
4 1569 4063 9816 7440
4 8553 7769 792 1448
4 9091 6924 3469 334
4 7577 5555 9621 4280
4 6952 2804 5491 2101
4 3104 9715 3902 9440
4 319 9684 3515 7103
4 9900 9164 4064 2225
4 2074 1597 2707 5144
4 6668 1860 2849 4021
4 3376 2543 8781 1488
4 642 5303 7384 1020
4 953 7786 9804 4877
4 2237 652 9224 781
4 4150 1398 9760 8870
4 6240 8195 8357 1319
4 6444 9885 5827 7172
4 8561 3074 1306 1987
4 6245 7815 8141 1218
4 8956 8140 7982 6893
4 1869 4556 3029 9339
4 2138 7920 912 6647
4 2267 4966 8300 6891
4 3226 5288 4311 2463
4 5236 7561 6801 4606
4 9580 8118 8623 5591
4 5671 2451 9591 9997
4 4662 1770 2394 5143
4 5149 5550 7404 9902
4 6246 7963 872 1217
4 6648 1555 7714 1674
4 6111 5715 2821 3652
4 9525 7601 7146 6503
4 87 990 7175 7360
4 3875 2422 4534 5133
4 4477 4476 161 1596
4 3167 3934 9897 2993
4 3883 5198 5389 10
4 4221 5768 5681 9385
4 4841 9194 4300 4626
4 2957 5601 7912 8236
4 9474 1942 279 574
4 9214 340 776 5790
4 3506 1127 6933 7279
4 1318 112 6858 9596
4 2809 7604 2253 242
4 2081 9565 8419 5963
4 6375 6864 7544 7197
4 5513 5325 7673 2744
4 6313 5850 5648 4148
4 1958 4356 3450 4176
4 6036 9042 9319 3339
4 7558 9292 8358 479
4 9219 6106 1767 1191
4 4106 7020 8983 1875
4 9288 3031 9625 7699
4 2457 2620 4680 4111
4 8167 3152 72 7552
4 6053 4109 3788 616
4 5967 940 7066 537
4 7672 7046 7124 7113
4 153 7971 6456 6780
4 197 2216 8634 2099
4 7632 1919 6104 2960
4 6446 5018 5510 98
4 4839 4722 3543 8366
4 5721 8573 8339 2322
4 2259 3684 7282 2626
4 4381 7809 4264 2553
4 6998 2466 136 365
4 4708 2285 4814 9211
4 9014 8861 5603 6970
4 2999 8773 7611 1390
4 9305 827 4409 5129
4 8653 1956 8690 7968
4 61 2019 8491 3862
4 3396 7892 3390 7738
4 7406 4899 4537 455
4 5577 6208 686 816
4 4200 6406 3335 1449
4 9468 6595 492 79
4 5800 8796 4392 3890
4 4155 959 5535 8325
4 7116 9049 7128 5478
4 8231 170 576 435
4 9959 3064 3350 6299
4 407 7886 6281 4380
4 1713 6124 3638 8156
4 1994 7483 9789 4757
4 5694 6149 485 1266
4 7592 7633 8893 2014
4 7983 2738 3535 8149
4 8692 7157 2454 5509
4 4055 6962 4768 862
4 137 8315 853 3068
4 3371 7718 1273 5224
4 9263 1225 9110 9994
4 8250 3483 2175 3723
4 5558 3292 7314 6630
4 5462 1172 1967 8390
4 5214 1454 8875 6221
4 3756 1976 5038 9773
4 6312 1363 9378 2833
4 236 7200 6349 6660
4 5981 5021 9643 7755
4 8756 3023 5080 1878
4 3482 6306 6939 5853
4 3196 754 4017 5762
4 3037 4364 6710 1432
4 1538 7472 8381 5710
4 2571 9279 857 8025
4 9600 8617 682 1809
4 9965 2275 9025 5016
4 9946 2365 5987 7422
4 1546 6854 5885 3793
4 8332 1223 6791 3490
4 5903 7013 8610 1840
4 9588 1528 4914 2478
4 1720 5814 6541 48
4 7231 9097 4181 704
4 7713 3508 9159 3768
4 6426 7239 651 4968
4 307 1612 4299 4895
4 516 5812 9669 3747
4 3239 117 8229 2257
4 6002 5095 6890 8476
4 8186 1016 5887 8310
4 9765 4540 363 8054
4 9678 2803 938 3093
4 2326 7307 3246 555
4 3913 8349 4645 470
4 2462 4327 6385 7006
4 1937 2277 9065 9384
4 6738 9355 966 2818
4 6833 4789 6629 149
4 1167 2154 1204 4852
4 6719 1066 8786 8676
4 8625 4013 9169 6408
4 9679 9400 2642 856
4 6252 7840 9179 9518
4 1106 9978 3184 9522
4 4206 4261 1727 3921
4 4452 7883 2577 8029
4 8626 8126 2646 4795
4 7443 5108 5723 2695
4 5592 1436 6335 3237
4 8189 7707 3285 1675
4 4656 404 1497 5936
4 2106 7697 4229 6862
4 924 244 3479 4377
4 1761 8420 1799 1469
4 9882 8440 7616 6424
4 2520 3645 6596 480
4 7770 6896 1949 3733
4 6942 7138 7470 7766
4 3337 601 943 9989
4 9135 3476 4062 5025
4 8468 3091 9770 8214
4 6927 5223 3979 9442
4 8811 5293 4321 1530
4 2741 5680 4223 231
4 6823 5974 3230 282
4 2241 9403 2371 3192
4 7281 329 9749 6646
4 9173 6563 8580 7687
4 6291 4207 8489 8878
4 2412 4683 2251 6371
4 723 4896 314 9369
4 2329 5599 7918 7651
4 6528 2921 9457 3974
4 1203 3562 4294 3447
4 2080 7158 2904 2826
4 8401 5511 911 9460
4 343 4982 9918 8060
4 8931 9951 9386 9349
4 7915 3172 3195 762
4 9419 7236 3847 1213
4 5891 4984 5935 7207
4 5295 9579 8647 8030
4 6230 9833 6664 3090
4 2087 9781 6374 5544
4 610 3534 8556 8709
4 8895 187 9758 5596
4 9354 5452 8825 3742
4 7220 1850 8282 5658
4 7642 7382 4575 8913
4 1570 9415 6819 6145
4 7851 6885 9729 4589
4 9475 5547 8093 9881
4 1701 2109 5506 9087
4 1347 6470 4740 5435
4 3012 4871 8023 6277
4 4550 8862 2606 5737
4 1082 8311 290 9327
4 4205 2213 7678 5574
4 2309 3709 6979 2532
4 9307 8268 4528 9050
4 4214 1259 7494 4358
4 5913 5857 6131 4250
4 2252 8068 9639 7777
4 791 9099 9975 2720
4 3621 5685 2362 2179
4 3939 9682 8323 7115
4 5666 5393 4735 7142
4 9948 209 8256 6377
4 34 5227 7171 2915
4 5583 3668 891 3957
4 6215 1762 3191 1894
4 9129 2176 4536 8718
4 4167 8458 4921 7654
4 6365 505 8429 5187
4 5451 6390 9265 4952
4 3694 8521 6411 8766
4 453 450 6527 9628
4 96 3901 19 6785
4 5197 4761 6358 6304
4 7782 4041 8108 5622
4 1261 6457 3261 2586
4 1824 3089 4036 6242
4 4480 9658 8688 7605
4 6731 5076 1192 9155
4 6353 9007 8782 311
4 5254 2348 9860 2665
4 1471 5786 2976 2670
4 9934 3716 639 1199
4 1595 185 8173 5996
4 4883 5690 9084 1617
4 5175 6522 1862 4450
4 2117 7188 5142 4593
4 4406 6746 9479 8439
4 9611 7217 8494 7758
4 8919 222 8695 2654
4 6152 6279 2507 6908
4 8641 2763 8787 3380
4 1935 6689 6682 5189
4 1001 5898 2311 4547
4 9873 414 2517 5934
4 6985 2369 6056 7701
4 3750 8595 8076 822
4 3136 1550 9835 4375
4 4026 7587 2868 7024
4 730 6055 8685 100
4 201 6765 1660 3627
4 6794 8007 6995 4191
4 446 284 5983 1394
4 1228 4186 5892 9508
4 3558 1836 2147 5838
4 430 534 4430 545
4 1061 8008 454 1416
4 1636 1560 2114 102
4 7430 5740 4538 760
4 7870 8301 8218 4278
4 9546 6222 9206 2511
4 2155 5480 560 8999
4 2160 2082 3270 7859
4 9888 9130 6771 5587
4 3561 1864 2888 8719
4 4726 3949 5731 7606
4 948 6256 223 3587
4 2544 572 4647 2724
4 7896 4569 4923 9177
4 7419 5487 8776 1820
4 1487 5952 1954 2842
4 1074 3035 6448 1843
4 2490 957 6462 482
4 7148 7493 8783 1757
4 4451 381 7467 5253
4 2297 1131 1276 623
4 9795 4892 9207 7996
4 9289 2450 7535 9191
4 8387 4987 8255 4539
4 9787 1032 9846 5125
4 7230 7150 3220 4533
4 7945 5438 2142 5507
4 4694 4713 8417 4046
4 3757 1274 351 1670
4 7310 4734 5972 5976
4 3505 1665 4310 9589
4 2612 9685 3078 5337
4 3817 2694 5733 7882
4 8478 7985 5404 3331
4 6574 3305 5162 1831
4 7475 3053 3388 2903
4 5556 905 5193 9432
4 3708 2071 6086 946
4 9690 2990 173 1193
4 1732 7364 4325 2131
4 589 1902 9634 4069
4 6495 2156 2894 6014
4 7008 711 6173 7709
4 2020 5968 7518 6984
4 921 842 2310 9266
4 9283 3242 1764 548
4 3799 5901 7372 8380
4 7118 5711 7173 3560
4 8658 2900 6773 5320
4 9357 5672 5683 5237
4 9877 1983 7685 3960
4 110 5055 2539 8182
4 2359 4676 8977 6585
4 6419 2618 6324 8830
4 4532 5361 7107 184
4 154 3647 123 4519
4 4880 5698 7669 411
4 8834 8867 7358 9104
4 6812 4663 5586 3303
4 8684 4804 744 1026
4 9302 3931 5795 3160
4 1618 885 7242 6745
4 4509 9905 9012 7182
4 2358 3076 7096 2513
4 3978 4775 9753 4744
4 5751 2916 5152 1403
4 8923 7300 8377 3481
4 5823 39 8488 4068
4 5043 5549 5098 6778
4 6590 2281 1777 268
4 725 2531 6504 6911
4 9848 9156 3355 7498
4 3428 9240 4823 8555
4 1361 7842 4080 712
4 8997 7187 3514 9723
4 8523 9988 7320 1502
4 532 9430 1816 1143
4 1591 1130 9434 4028
4 251 6033 2778 2098
4 6038 5285 6159 1580
4 8670 3555 1686 6552
4 8119 8831 2429 1428
4 992 2419 497 4018
4 4267 815 4138 2889
4 1685 5533 6184 9700
4 6917 4709 8164 4932
4 3853 3909 3110 4258
4 2308 5748 4213 7810
4 5948 9229 1788 7830
4 85 1147 3322 424
4 7346 1222 202 4279
4 5346 7559 9421 7662
4 4102 8838 2229 7843
4 146 4108 4219 5760
4 8022 3405 4431 3990
4 2686 9582 4067 4963
4 4826 9333 2971 4749
4 8240 1419 1573 368
4 3783 4995 7627 9893
4 6336 1728 1918 4620
4 9852 9849 9876 5411
4 5044 84 9472 2219
4 9535 3402 2522 486
4 5052 1148 447 8840
4 3340 28 4942 6526
4 6297 2090 3732 8427
4 7525 5660 3874 6236
4 2925 7043 5156 5240
4 2565 4815 2192 1501
4 5989 1098 2521 6564
4 186 1787 9668 2018
4 5939 2188 2424 2691
4 4020 6095 8612 7802
4 6050 4306 4023 5127
4 9382 4242 6427 6066
4 9718 2840 2963 8306
4 7792 15 286 4947
4 9606 6175 1885 3786
4 4090 2408 8120 8369
4 1146 4908 9300 1630
4 4632 2789 7857 7322
4 4851 7554 9205 2672
4 8872 3493 9834 6869
4 4706 8755 5878 824
4 8322 4246 247 9402
4 9380 2930 3988 5277
4 8851 6048 3140 8459
4 9599 2885 2473 5664
4 5869 6153 6949 9556
4 6784 8456 2769 3016
4 6627 6875 2145 5134
4 4604 7655 9098 3205
4 5250 3574 4220 4336
4 8567 3243 7661 3920
4 4394 9274 1887 9979
4 5653 5486 3061 6603
4 9650 1196 8215 663
4 3563 3964 5309 7890
4 4637 8365 1075 4195
4 9722 4365 66 6734
4 371 6276 8680 5659
4 2210 4251 1477 4897
4 6534 2622 2657 285
4 7451 7539 4802 6883
4 9102 3644 3827 7594
4 2661 5386 6565 6303
4 4139 436 9411 4424
4 9013 484 4888 2854
4 5649 4210 9497 2223
4 5728 671 6728 7396
4 5593 4360 6945 3763
4 6989 4832 2283 8522
4 3838 3216 4596 7190
4 2184 2123 9797 9337
4 6605 5230 1365 9445
4 2702 9861 280 7222
4 4565 2364 6165 6712
4 1234 6701 3421 4733
4 9618 5402 6696 7317
4 3691 2010 5997 6543
4 4926 4655 8410 4971
4 1253 3700 3523 3513
4 7278 2583 9052 1278
4 2323 8749 1045 3265
4 3842 2897 5084 3211
4 4209 3213 4393 8869
4 2819 8969 9465 3589
4 3083 963 3702 772
4 7665 3552 1337 8563
4 3042 8763 3032 8308
4 3295 8800 4552 3277
4 7524 5029 881 3666
4 7695 5428 8967 4022
4 4600 5234 3414 6290
4 2190 571 3008 2377
4 1340 710 4343 2810
4 976 2611 8260 9857
4 9245 7356 3590 633
4 65 9439 1242 4458
4 1287 9481 6105 5654
4 6357 9913 5041 4764
4 7618 9726 7625 5499
4 4447 7903 6572 7599
4 9879 2969 6338 807
4 2305 8021 8378 9774
4 9166 6848 2733 7061
4 8990 2942 7033 1219
4 9124 9093 8095 3565
4 7761 7780 2328 4435
4 7824 3500 736 8396
4 49 1042 543 925
4 9514 9766 2768 6860
4 2754 5628 4235 2924
4 1491 391 5065 7376
4 6577 1680 1080 7497
4 6220 1387 8995 8121
4 328 3202 1531 6653
4 1742 5222 2049 4691
4 955 3194 895 5958
4 6404 7185 8723 4368
4 6332 7211 9336 1517
4 6320 9686 6685 8033
4 4143 4628 7821 8
4 2932 2332 8887 5525
4 2674 3145 4455 5120
4 1353 4834 2737 7370
4 3257 8312 6592 1022
4 9629 6174 1421 3086
4 131 2120 4369 2467
4 8677 3804 2221 4996
4 9149 3845 5132 9996
4 2331 713 9652 2005
4 9152 9595 2484 1829
4 5951 2875 8934 7688
4 7743 8016 7248 2470
4 4670 9040 2667 3695
4 8193 5915 1307 7176
4 9252 515 1320 9800
4 7255 2955 3255 4850
4 9986 7949 2430 1356
4 2937 8048 6887 2781
4 666 1295 5688 8000
4 3463 929 1480 6779
4 7752 1519 6065 3207
4 5262 4407 5897 1961
4 3566 8070 8730 2827
4 432 2318 4178 9960
4 5040 9234 322 9029
4 1810 3395 8273 5992
4 1136 4110 4771 405
4 9868 9929 4700 8648
4 3011 3762 5397 2440
4 4774 3779 9348 6100
4 7529 1232 4302 3731
4 398 3556 3659 1458
4 4131 9562 7929 1666
4 3223 3546 986 7649
4 5461 3063 5614 5921
4 2112 180 42 4114
4 6144 3312 3326 1607
4 1542 3811 4370 8630
4 1564 7301 5062 6872
4 164 7820 922 8340
4 1866 8928 1785 8827
4 1552 6293 2051 6453
4 8853 2381 3728 1615
4 1830 5834 9493 1054
4 9614 5426 8774 8744
4 2956 5973 8508 478
4 8775 1375 1072 5734
4 3306 3744 1663 1175
4 17 2645 5217 7402
4 1505 4777 238 6400
4 9552 3946 7144 9517
4 1096 3039 1229 7263
4 1827 1619 2858 7340
4 3015 7608 8317 3550
4 3356 2919 7468 228
4 147 6536 533 2078
4 6129 8602 2006 4159
4 7922 7657 5718 1945
4 7736 4979 1154 1609
4 3424 2877 1571 5140
4 9366 8493 1499 4281
4 5209 6071 1135 3671
4 3001 6253 4568 4243
4 4579 4915 9334 4835
4 3749 2668 9022 1036
4 2163 8789 5895 6258
4 4688 9212 7988 6829
4 9068 3724 2929 4523
4 9459 7663 477 8131
4 1037 194 3835 4103
4 9271 7465 2200 2107
4 7653 3084 4334 8405
4 2619 325 9822 1982
4 7496 1586 361 6434
4 6604 1838 5564 8154
4 2141 1263 528 8649
4 8644 4183 9969 9184
4 8808 894 2198 5370
4 3229 5078 4479 9745
4 2351 14 6227 7817
4 8941 6268 2936 2908
4 2527 1835 7795 6354
4 2718 8096 6122 3755
4 2406 1679 9993 4464
